3414858021
3429023017
2232379703
3021607413
3393582016
3495058135
3294687155
3494662517
3663758917
3172072769
3018519288
3695213263
3152793212
2827772441
3259311812
3122339805
3012953357
3299228616
2863734992
3479284581
3465281285
3529030258
3326393975
3500550788
3576279017
2962832710
3444535389
3267902832
3567773251
2867142659
3415297400
3214349775
3466367453
3463108184
3268595099
3634342477
3521337568
3169691550
3572519002
3752088162
3718148782
2997718338
3095386366
3270574332
3398723777
3141421197
3341018244
3400646558
3323607194
3385272677
3471752495
1118101571
3653641024
3332925111
3083988977
3043494080
3577990983
3315845023
2935763072
3267807351
3158822835
3445941690
3573130068
2497380788
2889253135
3610097897
